[0, 3, 4, 5, 6, 7, 9, 11, 12, 13, 14, 15, 16, 17, 21, 32, 34, 35, 36, 38, 39, 41, 47, 48, 49, 50, 51, 52, 56, 57, 59, 60, 61, 63, 64, 65, 66, 67, 68, 71, 73, 90, 108, 109, 110, 111, 112, 113, 114, 115, 116, 118, 120, 121, 122, 123, 125, 128, 129, 131, 136, 137, 138, 145, 146, 152, 154, 155, 161, 164, 166, 167, 168, 170, 173, 178, 179, 180, 181, 182, 184, 187, 189, 190, 192, 193, 196, 197, 199, 200, 201, 202, 205, 206, 207, 208, 209, 210, 212, 214, 215, 217, 218, 219, 221, 224, 226, 228, 229, 231, 232, 233, 244]
[13, 14, 17, 21, 33, 67, 68, 73, 90, 108, 116, 118, 120, 136, 154, 168, 173, 179, 187, 190, 196, 202, 203, 205, 209, 228, 229, 232, 233, 241, 244]
[33, 67, 68, 73, 90, 108, 120, 136, 150, 173, 196, 203, 205, 209, 230, 232, 233, 241, 244]
[33, 55, 73, 76, 78, 82, 88, 108, 119, 150, 173, 176, 203, 209, 230, 233, 235, 241, 242, 244, 245, 247, 256]
[18, 23, 27, 29, 31, 33, 55, 73, 76, 77, 78, 82, 83, 85, 86, 87, 88, 93, 95, 105, 117, 119, 124, 132, 147, 150, 151, 165, 173, 176, 195, 203, 209, 213, 225, 230, 235, 241, 242, 244, 245, 247, 249, 255, 256, 257]
[8, 10, 37, 42, 43, 44, 45, 46, 50, 54, 58, 62, 126, 127, 130, 135, 141, 143, 148, 149, 157, 159, 160, 163, 169, 174, 175, 183, 185, 188, 191, 211, 216, 220, 227]
[3, 4, 6, 11, 13, 14, 16, 17, 21, 32, 33, 34, 56, 63, 64, 67, 68, 71, 73, 90, 108, 111, 113, 116, 118, 120, 121, 122, 123, 136, 152, 154, 155, 166, 168, 173, 178, 179, 182, 187, 189, 190, 193, 196, 200, 201, 202, 205, 206, 209, 219, 228, 229, 231, 232, 233, 244]
[33, 67, 68, 73, 90, 108, 120, 136, 150, 173, 196, 203, 205, 209, 230, 232, 233, 241, 244]
[18, 27, 33, 55, 73, 76, 77, 78, 82, 85, 88, 93, 95, 108, 119, 132, 147, 150, 151, 173, 176, 195, 203, 209, 230, 233, 235, 241, 242, 244, 245, 247, 255, 256, 257]
[1, 2, 18, 19, 20, 22, 23, 24, 25, 26, 27, 28, 29, 30, 31, 33, 40, 53, 55, 69, 70, 72, 73, 74, 75, 76, 77, 78, 79, 80, 81, 82, 83, 84, 85, 86, 87, 88, 89, 91, 92, 93, 94, 95, 96, 97, 98, 99, 100, 101, 102, 103, 104, 105, 106, 107, 117, 119, 124, 132, 133, 134, 139, 140, 142, 144, 147, 150, 151, 153, 156, 158, 162, 165, 171, 172, 173, 176, 177, 186, 194, 195, 198, 203, 204, 209, 213, 222, 223, 225, 230, 234, 235, 236, 237, 238, 239, 240, 241, 242, 243, 244, 245, 246, 247, 248, 249, 250, 251, 252, 253, 254, 255, 256, 257, 258, 259, 260, 261, 262, 263, 264, 265, 266]
[33, 67, 68, 73, 90, 108, 118, 120, 136, 154, 173, 190, 196, 202, 203, 205, 209, 230, 232, 233, 241, 244]
[33, 67, 68, 73, 90, 108, 120, 136, 173, 196, 203, 205, 209, 230, 232, 233, 241, 244]
[4, 13, 14, 17, 21, 33, 67, 68, 73, 90, 108, 116, 118, 120, 136, 154, 168, 173, 179, 187, 190, 196, 202, 203, 205, 209, 228, 229, 232, 233, 241, 244]
SECOND ROUND--CLUSTERS AFTER RF
t:  45
[0, 3, 4, 5, 6, 7, 9, 11, 12, 13, 14, 15, 16, 17, 21, 32, 34, 35, 38, 39, 41, 49, 56, 63, 64, 65, 67, 68, 71, 90, 109, 110, 111, 112, 113, 114, 115, 116, 118, 120, 121, 122, 123, 125, 128, 129, 136, 138, 145, 146, 152, 154, 155, 161, 164, 166, 167, 168, 170, 178, 179, 181, 182, 184, 187, 189, 190, 193, 196, 197, 199, 200, 201, 202, 205, 206, 207, 208, 210, 212, 215, 218, 219, 221, 224, 228, 229, 231, 232]
[1, 2, 18, 19, 20, 22, 23, 24, 25, 26, 27, 28, 29, 30, 31, 40, 53, 69, 70, 72, 74, 75, 77, 79, 80, 81, 83, 84, 85, 86, 87, 89, 91, 92, 93, 94, 95, 96, 97, 98, 99, 100, 101, 102, 103, 104, 105, 106, 107, 117, 124, 132, 133, 134, 139, 140, 142, 144, 151, 153, 156, 158, 162, 165, 171, 172, 176, 177, 186, 194, 195, 198, 204, 213, 222, 223, 225, 234, 236, 237, 238, 239, 240, 242, 243, 246, 247, 248, 249, 250, 251, 252, 253, 254, 257, 258, 259, 260, 261, 262, 263, 264, 265, 266]
[1, 2, 18, 19, 20, 22, 23, 25, 27, 28, 29, 30, 31, 40, 53, 69, 70, 72, 74, 75, 77, 79, 80, 83, 85, 86, 87, 89, 91, 92, 93, 94, 95, 96, 97, 98, 99, 100, 101, 102, 104, 105, 106, 107, 117, 124, 132, 139, 142, 144, 151, 153, 158, 162, 165, 171, 176, 177, 195, 204, 213, 225, 234, 237, 239, 242, 243, 246, 247, 248, 249, 250, 251, 252, 253, 257, 258, 259, 260, 261, 262, 264, 265, 266]
[33, 55, 73, 76, 78, 82, 88, 95, 119, 147, 150, 151, 176, 235, 244, 245, 247, 255, 257]
[8, 10, 37, 42, 43, 44, 45, 46, 62, 126, 127, 130, 135, 137, 141, 143, 148, 157, 159, 160, 163, 169, 174, 175, 183, 185, 188, 191, 211, 216, 220, 227]
[67, 68, 90, 108, 118, 120, 136, 154, 190, 196, 205, 232, 233]
[18, 23, 85, 93, 95, 101, 105, 132, 147, 151, 165, 176, 195, 225, 247, 249, 257]
[33, 68, 73, 90, 108, 119, 150, 173, 203, 209, 230, 233, 235, 241, 244, 245, 256]
[33, 67, 68, 73, 90, 108, 119, 150, 173, 196, 203, 209, 230, 233, 235, 241, 245, 256]
[36, 47, 48, 50, 51, 52, 54, 57, 58, 59, 60, 61, 66, 131, 149, 180, 192, 214, 215, 217, 226]
[4, 11, 13, 14, 17, 21, 56, 67, 68, 71, 90, 108, 116, 118, 120, 136, 152, 154, 168, 179, 187, 190, 193, 196, 202, 205, 228, 229, 232, 233]
[67, 68, 90, 108, 120, 136, 173, 196, 203, 205, 209, 230, 232, 233, 241]
[4, 13, 14, 17, 21, 56, 67, 68, 90, 108, 116, 118, 120, 136, 152, 154, 168, 179, 187, 190, 193, 196, 202, 205, 228, 229, 232, 233]
