C:\Users\Noushin\venv\Scripts\python.exe C:/Users/Noushin/PycharmProjects/cmeansClusteringUsingBlindRF/cmeansUsingBlindRF.py
Data/contactlensesResultSet.json
t:  60
No handles with labels found to put in legend.
[33, 55, 73, 76, 78, 82, 88, 108, 119, 150, 173, 176, 203, 209, 230, 233, 235, 241, 242, 244, 245, 256]
[67, 68, 90, 108, 118, 120, 136, 154, 173, 190, 196, 202, 205, 232, 233, 244]
[0, 3, 4, 5, 6, 7, 9, 11, 12, 13, 14, 15, 16, 17, 21, 32, 34, 35, 39, 41, 47, 49, 50, 56, 63, 64, 65, 66, 67, 68, 71, 90, 108, 109, 110, 111, 112, 113, 114, 115, 116, 118, 120, 121, 122, 123, 125, 128, 129, 135, 136, 137, 138, 143, 145, 146, 152, 154, 155, 161, 166, 168, 170, 178, 179, 180, 181, 182, 184, 187, 189, 190, 193, 196, 197, 199, 200, 201, 202, 205, 206, 207, 208, 215, 218, 219, 224, 226, 228, 229, 231, 232]
[33, 67, 68, 73, 90, 108, 150, 173, 196, 203, 205, 209, 230, 232, 233, 241, 244]
[18, 27, 33, 55, 73, 76, 77, 78, 82, 88, 119, 147, 150, 151, 173, 176, 195, 203, 209, 230, 235, 241, 242, 244, 245, 247, 255, 256, 257]
[33, 67, 68, 73, 90, 108, 150, 173, 196, 203, 205, 209, 230, 232, 233, 241, 244]
[33, 67, 68, 73, 90, 108, 150, 173, 196, 203, 205, 209, 230, 232, 233, 241, 244]
[3, 4, 6, 11, 13, 14, 16, 17, 21, 32, 34, 56, 63, 64, 65, 67, 68, 71, 90, 108, 109, 110, 111, 113, 116, 118, 120, 121, 122, 123, 129, 136, 152, 154, 155, 166, 168, 178, 179, 182, 187, 189, 190, 193, 196, 200, 201, 202, 205, 206, 207, 219, 228, 229, 231, 232, 233]
[33, 67, 68, 73, 90, 108, 150, 173, 196, 203, 205, 209, 230, 232, 233, 241, 244]
[18, 33, 55, 73, 76, 77, 78, 82, 88, 119, 147, 150, 151, 173, 176, 195, 203, 209, 230, 235, 241, 242, 244, 245, 247, 255, 256, 257]
[4, 13, 14, 17, 21, 56, 63, 64, 67, 68, 71, 90, 108, 116, 118, 120, 136, 152, 154, 168, 179, 187, 190, 193, 196, 200, 202, 205, 228, 229, 232, 233]
[10, 37, 42, 43, 44, 45, 46, 62, 126, 127, 130, 141, 148, 159, 160, 163, 169, 174, 175, 183, 185, 188, 191, 211, 227]
[13, 14, 21, 67, 68, 90, 108, 116, 118, 120, 136, 154, 179, 190, 196, 202, 205, 232, 233]
[33, 67, 68, 73, 90, 108, 120, 136, 173, 196, 203, 205, 209, 230, 232, 233, 241, 244]
[67, 68, 73, 90, 108, 120, 136, 173, 196, 205, 209, 232, 233, 244]
[1, 2, 19, 20, 22, 23, 24, 25, 26, 27, 28, 29, 30, 31, 40, 53, 69, 70, 72, 74, 75, 77, 79, 80, 81, 83, 84, 85, 86, 87, 89, 91, 92, 93, 94, 95, 96, 97, 98, 99, 100, 101, 102, 103, 104, 105, 106, 107, 117, 124, 132, 133, 134, 139, 140, 142, 144, 147, 151, 153, 156, 158, 162, 165, 171, 172, 176, 177, 186, 194, 195, 198, 204, 213, 222, 223, 225, 234, 236, 237, 238, 239, 240, 242, 243, 246, 247, 248, 249, 250, 251, 252, 253, 254, 257, 258, 259, 260, 261, 262, 263, 264, 265, 266]
[67, 68, 90, 108, 118, 120, 136, 154, 173, 190, 196, 202, 205, 232, 233, 244]
[0, 3, 4, 5, 6, 7, 8, 9, 11, 12, 13, 14, 15, 16, 17, 21, 32, 34, 35, 36, 38, 39, 41, 47, 48, 49, 50, 51, 52, 54, 56, 57, 58, 59, 60, 61, 63, 64, 65, 66, 67, 68, 71, 90, 109, 110, 111, 112, 113, 114, 115, 116, 118, 120, 121, 122, 123, 125, 128, 129, 131, 135, 136, 137, 138, 143, 145, 146, 149, 152, 154, 155, 157, 161, 164, 166, 167, 168, 170, 178, 179, 180, 181, 182, 184, 187, 189, 190, 192, 193, 196, 197, 199, 200, 201, 202, 205, 206, 207, 208, 210, 212, 214, 215, 216, 217, 218, 219, 220, 221, 224, 226, 228, 229, 231, 232]
[33, 67, 68, 73, 90, 108, 120, 136, 173, 196, 205, 209, 232, 233, 244]
[4, 13, 14, 17, 21, 63, 64, 67, 68, 71, 90, 108, 116, 118, 120, 136, 152, 154, 168, 179, 187, 190, 193, 196, 202, 205, 228, 229, 232, 233]
[67, 68, 90, 108, 118, 120, 136, 154, 173, 190, 196, 202, 205, 232, 233, 244]
[3, 4, 6, 11, 13, 14, 16, 17, 21, 32, 34, 56, 63, 64, 65, 67, 68, 71, 90, 108, 111, 113, 116, 118, 120, 121, 122, 123, 129, 136, 152, 154, 155, 166, 168, 178, 179, 182, 187, 189, 190, 193, 196, 200, 201, 202, 205, 206, 219, 228, 229, 231, 232, 233]
[13, 14, 17, 21, 67, 68, 90, 108, 116, 118, 120, 136, 154, 168, 179, 187, 190, 196, 202, 205, 228, 229, 232, 233]
SECOND ROUND--CLUSTERS AFTER RF
t:  96
No handles with labels found to put in legend.
[0, 3, 4, 5, 6, 7, 8, 9, 11, 12, 13, 14, 15, 16, 17, 21, 32, 34, 35, 38, 39, 41, 47, 49, 50, 51, 54, 56, 63, 64, 65, 66, 71, 90, 109, 110, 111, 112, 113, 114, 115, 116, 118, 120, 121, 122, 123, 125, 128, 129, 131, 135, 136, 137, 138, 143, 145, 146, 149, 152, 154, 155, 157, 161, 164, 166, 167, 168, 170, 178, 179, 180, 181, 182, 184, 187, 189, 190, 192, 193, 196, 197, 199, 200, 201, 202, 206, 207, 208, 210, 212, 215, 216, 218, 219, 220, 221, 224, 226, 228, 229, 231, 232]
[18, 23, 27, 55, 76, 78, 82, 85, 86, 88, 93, 95, 101, 105, 117, 132, 147, 151, 165, 176, 195, 213, 225, 235, 244, 245, 247, 249, 255, 257]
[0, 3, 4, 5, 6, 7, 9, 11, 12, 13, 14, 15, 16, 17, 21, 32, 34, 35, 39, 41, 47, 49, 50, 56, 63, 64, 65, 66, 71, 90, 109, 110, 111, 112, 113, 114, 115, 116, 118, 120, 121, 122, 123, 125, 128, 129, 136, 138, 143, 145, 146, 152, 154, 155, 161, 166, 168, 170, 178, 179, 181, 182, 184, 187, 189, 190, 193, 196, 199, 200, 201, 202, 205, 206, 207, 208, 218, 219, 224, 226, 228, 229, 231, 232]
[4, 11, 13, 14, 17, 21, 32, 56, 63, 64, 71, 90, 111, 116, 118, 120, 136, 152, 154, 168, 179, 187, 190, 193, 196, 202, 205, 228, 229, 232]
[2, 18, 19, 20, 23, 27, 29, 31, 70, 77, 79, 83, 85, 86, 87, 93, 94, 95, 101, 105, 117, 124, 132, 165, 176, 195, 213, 225, 234, 242, 248, 249, 257, 262, 265]
[1, 2, 18, 19, 20, 22, 23, 24, 25, 27, 28, 29, 30, 31, 40, 53, 69, 70, 72, 74, 75, 77, 79, 80, 81, 83, 84, 85, 86, 87, 89, 91, 92, 93, 94, 96, 97, 98, 99, 100, 101, 102, 104, 105, 106, 107, 117, 124, 132, 133, 134, 140, 144, 153, 158, 162, 165, 177, 186, 194, 198, 213, 225, 234, 236, 237, 238, 239, 240, 242, 243, 246, 248, 249, 250, 251, 252, 253, 254, 257, 258, 259, 260, 261, 262, 263, 264, 265, 266]
[33, 67, 68, 73, 90, 108, 119, 136, 150, 173, 196, 203, 205, 209, 230, 232, 233, 241, 244]
[0, 3, 4, 5, 6, 7, 9, 11, 12, 13, 14, 15, 16, 17, 21, 32, 34, 35, 39, 41, 47, 49, 50, 56, 63, 64, 65, 66, 71, 90, 109, 110, 111, 112, 113, 114, 115, 116, 118, 120, 121, 122, 123, 125, 128, 129, 135, 136, 138, 143, 145, 146, 152, 154, 155, 161, 166, 168, 170, 178, 179, 180, 181, 182, 184, 187, 189, 190, 193, 196, 197, 199, 200, 201, 202, 205, 206, 207, 208, 210, 215, 218, 219, 224, 226, 228, 229, 231, 232]
[23, 55, 73, 76, 78, 82, 85, 88, 93, 95, 101, 105, 117, 132, 147, 150, 151, 165, 176, 195, 213, 225, 235, 244, 245, 247, 255, 256, 257]
[10, 37, 42, 43, 44, 45, 46, 62, 126, 127, 130, 141, 148, 159, 160, 163, 169, 174, 175, 183, 185, 188, 191, 211, 227]
[0, 3, 4, 5, 6, 7, 8, 9, 11, 12, 13, 14, 15, 16, 17, 21, 32, 34, 35, 38, 39, 41, 47, 49, 50, 51, 54, 56, 63, 64, 65, 66, 71, 90, 109, 110, 111, 112, 113, 114, 115, 116, 118, 120, 121, 122, 123, 125, 128, 129, 135, 136, 137, 138, 143, 145, 146, 149, 152, 154, 155, 157, 161, 164, 166, 167, 168, 170, 178, 179, 180, 181, 182, 184, 187, 189, 190, 192, 193, 196, 197, 199, 200, 201, 202, 205, 206, 207, 208, 210, 212, 215, 218, 219, 221, 224, 226, 228, 229, 231, 232]
[0, 3, 4, 5, 6, 7, 9, 11, 12, 13, 14, 15, 16, 17, 21, 32, 34, 35, 39, 41, 47, 49, 50, 51, 56, 63, 64, 65, 66, 71, 90, 109, 110, 111, 112, 113, 114, 115, 116, 118, 120, 121, 122, 123, 125, 128, 129, 135, 136, 137, 138, 143, 145, 146, 152, 154, 155, 161, 164, 166, 168, 170, 178, 179, 180, 181, 182, 184, 187, 189, 190, 192, 193, 196, 197, 199, 200, 201, 202, 205, 206, 207, 208, 210, 215, 218, 219, 224, 226, 228, 229, 231, 232]
[0, 3, 4, 5, 6, 7, 9, 11, 12, 13, 14, 15, 16, 17, 21, 32, 34, 35, 39, 41, 47, 49, 50, 56, 63, 64, 65, 66, 71, 90, 109, 110, 111, 112, 113, 114, 115, 116, 118, 120, 121, 122, 123, 125, 128, 129, 136, 138, 143, 145, 146, 152, 154, 155, 161, 166, 168, 170, 178, 179, 181, 182, 184, 187, 189, 190, 193, 196, 199, 200, 201, 202, 205, 206, 207, 208, 218, 219, 224, 226, 228, 229, 231, 232]
[0, 3, 4, 5, 6, 7, 8, 9, 11, 12, 13, 14, 15, 16, 17, 21, 32, 34, 35, 38, 39, 41, 47, 49, 50, 51, 54, 56, 63, 64, 65, 66, 71, 90, 109, 110, 111, 112, 113, 114, 115, 116, 118, 120, 121, 122, 123, 125, 128, 129, 131, 135, 136, 137, 138, 143, 145, 146, 149, 152, 154, 155, 157, 161, 164, 166, 167, 168, 170, 178, 179, 180, 181, 182, 184, 187, 189, 190, 192, 193, 196, 197, 199, 200, 201, 202, 206, 207, 208, 210, 212, 215, 216, 218, 219, 220, 221, 224, 226, 228, 229, 231, 232]
[2, 18, 19, 20, 23, 27, 29, 31, 70, 77, 79, 83, 85, 86, 87, 93, 94, 95, 101, 105, 117, 124, 132, 165, 176, 195, 213, 225, 234, 242, 249, 257, 262, 265]
[0, 3, 4, 5, 6, 7, 9, 11, 12, 13, 14, 15, 16, 17, 21, 32, 34, 35, 41, 56, 63, 64, 65, 66, 71, 90, 109, 110, 111, 112, 113, 114, 115, 116, 118, 120, 121, 122, 123, 129, 136, 138, 145, 146, 152, 154, 155, 166, 168, 170, 178, 179, 181, 182, 184, 187, 189, 190, 193, 196, 200, 201, 202, 205, 206, 207, 208, 218, 219, 224, 228, 229, 231, 232]
[36, 48, 52, 57, 58, 59, 60, 61, 214, 217]
[0, 3, 4, 5, 6, 7, 8, 9, 11, 12, 13, 14, 15, 16, 17, 21, 32, 34, 35, 38, 39, 41, 47, 49, 50, 51, 54, 56, 63, 64, 65, 66, 71, 90, 109, 110, 111, 112, 113, 114, 115, 116, 118, 120, 121, 122, 123, 125, 128, 129, 131, 135, 136, 137, 138, 143, 145, 146, 149, 152, 154, 155, 157, 161, 164, 166, 167, 168, 170, 178, 179, 180, 181, 182, 184, 187, 189, 190, 192, 193, 196, 197, 199, 200, 201, 202, 205, 206, 207, 208, 210, 212, 215, 216, 218, 219, 220, 221, 224, 226, 228, 229, 231, 232]
[0, 3, 4, 5, 6, 7, 9, 11, 12, 13, 14, 15, 16, 17, 21, 32, 34, 35, 41, 56, 63, 64, 65, 66, 71, 90, 109, 110, 111, 112, 113, 114, 115, 116, 118, 120, 121, 122, 123, 129, 136, 138, 145, 146, 152, 154, 155, 166, 168, 170, 178, 179, 181, 182, 184, 187, 189, 190, 193, 196, 200, 201, 202, 205, 206, 207, 208, 218, 219, 228, 229, 231, 232]
[13, 14, 21, 67, 68, 90, 116, 118, 120, 136, 154, 168, 179, 187, 190, 196, 202, 205, 228, 229, 232, 233]
[18, 23, 27, 55, 76, 78, 82, 85, 86, 88, 93, 95, 101, 105, 117, 132, 147, 151, 165, 176, 195, 213, 225, 235, 244, 245, 247, 255, 256, 257]
[13, 14, 17, 21, 67, 90, 116, 118, 120, 136, 154, 168, 179, 187, 190, 196, 202, 205, 228, 229, 232]
[26, 103, 139, 142, 156, 171, 172, 204, 222, 223]

Process finished with exit code 0
