C:\Users\Noushin\venv\Scripts\python.exe C:/Users/Noushin/PycharmProjects/cmeansClusteringUsingBlindRF/cmeansUsingBlindRF.py
Data/contactlensesResultSet.json
t:  84
No handles with labels found to put in legend.
[243, 252, 253]
[37, 42, 44, 127, 143, 148, 149, 159, 163, 169, 183, 191]
[0, 3, 4, 5, 6, 7, 9, 11, 12, 13, 14, 15, 16, 17, 21, 32, 33, 34, 35, 38, 39, 41, 47, 49, 50, 54, 56, 63, 64, 65, 66, 67, 68, 71, 73, 90, 108, 110, 111, 112, 113, 116, 118, 120, 121, 122, 123, 125, 128, 129, 131, 135, 136, 137, 138, 145, 146, 150, 152, 154, 161, 164, 166, 167, 168, 170, 173, 178, 179, 180, 182, 184, 187, 189, 190, 192, 193, 196, 197, 199, 200, 201, 202, 203, 205, 206, 207, 208, 209, 210, 212, 215, 218, 219, 221, 224, 226, 228, 229, 230, 231, 232, 233, 241, 244]
[1, 2, 18, 19, 20, 22, 23, 24, 25, 26, 27, 28, 29, 30, 31, 33, 40, 53, 55, 70, 72, 73, 74, 75, 76, 77, 78, 79, 80, 82, 83, 85, 86, 87, 88, 89, 92, 93, 94, 95, 96, 97, 98, 99, 101, 102, 103, 104, 105, 106, 107, 117, 119, 124, 132, 133, 134, 139, 140, 142, 144, 147, 150, 153, 156, 162, 171, 172, 173, 176, 177, 186, 194, 195, 203, 204, 209, 213, 222, 223, 225, 230, 233, 234, 237, 241, 242, 244, 246, 247, 248, 249, 250, 251, 257, 258, 259, 260, 261, 262, 263, 264, 265, 266]
[0, 3, 4, 5, 6, 7, 9, 11, 12, 13, 14, 15, 16, 17, 21, 32, 33, 34, 35, 39, 41, 47, 49, 50, 56, 63, 64, 65, 66, 67, 68, 71, 73, 78, 90, 108, 110, 111, 112, 113, 116, 118, 120, 121, 122, 123, 125, 128, 129, 136, 137, 138, 145, 146, 150, 152, 154, 161, 166, 168, 170, 173, 178, 179, 180, 182, 184, 187, 189, 190, 193, 196, 199, 200, 201, 202, 203, 205, 206, 207, 208, 209, 218, 219, 224, 226, 228, 229, 230, 231, 232, 233, 241, 244]
[33, 55, 67, 68, 73, 76, 78, 82, 88, 90, 108, 119, 120, 136, 150, 173, 196, 203, 205, 209, 230, 232, 233, 241, 244]
[0, 3, 4, 5, 6, 7, 9, 11, 12, 13, 14, 15, 16, 17, 21, 32, 33, 34, 35, 38, 39, 41, 47, 49, 50, 54, 56, 63, 64, 65, 66, 67, 68, 71, 73, 90, 108, 110, 111, 112, 113, 116, 118, 120, 121, 122, 123, 125, 128, 129, 131, 135, 136, 137, 138, 145, 146, 150, 152, 154, 161, 164, 166, 167, 168, 170, 173, 178, 179, 180, 182, 184, 187, 189, 190, 192, 193, 196, 197, 199, 200, 201, 202, 203, 205, 206, 207, 208, 209, 210, 212, 215, 218, 219, 221, 224, 226, 228, 229, 230, 231, 232, 233, 241, 244]
[0, 3, 4, 5, 6, 7, 9, 11, 12, 13, 14, 15, 16, 17, 21, 32, 33, 34, 35, 38, 39, 41, 47, 49, 50, 54, 56, 63, 64, 65, 66, 67, 68, 71, 73, 90, 108, 110, 111, 112, 113, 116, 118, 120, 121, 122, 123, 125, 128, 129, 131, 135, 136, 137, 138, 145, 146, 150, 152, 154, 161, 164, 166, 167, 168, 170, 173, 178, 179, 180, 182, 184, 187, 189, 190, 192, 193, 196, 197, 199, 200, 201, 202, 203, 205, 206, 207, 208, 209, 210, 212, 215, 218, 219, 221, 224, 226, 228, 229, 230, 231, 232, 233, 241, 244]
[0, 3, 4, 5, 6, 7, 9, 11, 12, 13, 14, 15, 16, 17, 21, 32, 33, 34, 35, 38, 39, 41, 47, 49, 50, 54, 56, 63, 64, 65, 66, 67, 68, 71, 73, 90, 108, 110, 111, 112, 113, 116, 118, 120, 121, 122, 123, 125, 128, 129, 131, 135, 136, 137, 138, 145, 146, 150, 152, 154, 161, 164, 166, 167, 168, 170, 173, 178, 179, 180, 182, 184, 187, 189, 190, 192, 193, 196, 197, 199, 200, 201, 202, 203, 205, 206, 207, 208, 209, 210, 212, 215, 218, 219, 221, 224, 226, 228, 229, 230, 231, 232, 233, 241, 244]
[3, 4, 6, 7, 11, 13, 14, 15, 16, 17, 21, 32, 33, 34, 47, 56, 63, 64, 65, 66, 67, 68, 71, 73, 78, 90, 108, 110, 111, 113, 116, 118, 120, 121, 122, 123, 129, 136, 146, 150, 152, 154, 166, 168, 173, 178, 179, 182, 187, 189, 190, 193, 196, 200, 201, 202, 203, 205, 206, 208, 209, 219, 228, 229, 230, 231, 232, 233, 241, 244]
[0, 3, 4, 5, 6, 7, 9, 11, 12, 13, 14, 15, 16, 17, 21, 32, 33, 34, 35, 38, 39, 41, 47, 49, 50, 54, 56, 63, 64, 65, 66, 67, 68, 71, 73, 90, 108, 110, 111, 112, 113, 116, 118, 120, 121, 122, 123, 125, 128, 129, 131, 135, 136, 137, 138, 145, 146, 150, 152, 154, 161, 164, 166, 167, 168, 170, 173, 178, 179, 180, 182, 184, 187, 189, 190, 192, 193, 196, 197, 199, 200, 201, 202, 203, 205, 206, 207, 208, 209, 210, 212, 215, 218, 219, 221, 224, 226, 228, 229, 230, 231, 232, 233, 241, 244]
[0, 3, 4, 5, 6, 7, 9, 11, 12, 13, 14, 15, 16, 17, 21, 32, 33, 34, 35, 38, 39, 41, 47, 49, 50, 54, 56, 63, 64, 65, 66, 67, 68, 71, 73, 90, 108, 110, 111, 112, 113, 116, 118, 120, 121, 122, 123, 125, 128, 129, 131, 135, 136, 137, 138, 145, 146, 150, 152, 154, 161, 164, 166, 167, 168, 170, 173, 178, 179, 180, 182, 184, 187, 189, 190, 192, 193, 196, 197, 199, 200, 201, 202, 203, 205, 206, 207, 208, 209, 210, 212, 215, 218, 219, 221, 224, 226, 228, 229, 230, 231, 232, 233, 241, 244]
[0, 3, 4, 5, 6, 7, 9, 11, 12, 13, 14, 15, 16, 17, 21, 32, 33, 34, 35, 38, 39, 41, 47, 49, 50, 54, 56, 63, 64, 65, 66, 67, 68, 71, 73, 90, 108, 110, 111, 112, 113, 116, 118, 120, 121, 122, 123, 125, 128, 129, 131, 135, 136, 137, 138, 145, 146, 150, 152, 154, 161, 164, 166, 167, 168, 170, 173, 178, 179, 180, 182, 184, 187, 189, 190, 192, 193, 196, 197, 199, 200, 201, 202, 203, 205, 206, 207, 208, 209, 210, 212, 215, 218, 219, 221, 224, 226, 228, 229, 230, 231, 232, 233, 241, 244]
[0, 3, 4, 5, 6, 7, 9, 11, 12, 13, 14, 15, 16, 17, 21, 32, 33, 34, 35, 38, 39, 41, 47, 49, 50, 54, 56, 63, 64, 65, 66, 67, 68, 71, 73, 90, 108, 110, 111, 112, 113, 116, 118, 120, 121, 122, 123, 125, 128, 129, 131, 135, 136, 137, 138, 145, 146, 150, 152, 154, 161, 164, 166, 167, 168, 170, 173, 178, 179, 180, 182, 184, 187, 189, 190, 192, 193, 196, 197, 199, 200, 201, 202, 203, 205, 206, 207, 208, 209, 210, 212, 215, 218, 219, 221, 224, 226, 228, 229, 230, 231, 232, 233, 241, 244]
[151, 165]
[0, 3, 4, 5, 6, 7, 9, 11, 12, 13, 14, 15, 16, 17, 21, 32, 33, 34, 35, 38, 39, 41, 47, 49, 50, 54, 56, 63, 64, 65, 66, 67, 68, 71, 73, 90, 108, 110, 111, 112, 113, 116, 118, 120, 121, 122, 123, 125, 128, 129, 135, 136, 137, 138, 145, 146, 150, 152, 154, 161, 164, 166, 167, 168, 170, 173, 178, 179, 180, 182, 184, 187, 189, 190, 192, 193, 196, 197, 199, 200, 201, 202, 203, 205, 206, 207, 208, 209, 210, 212, 215, 218, 219, 221, 224, 226, 228, 229, 230, 231, 232, 233, 241, 244]
[0, 3, 4, 5, 6, 7, 9, 11, 12, 13, 14, 15, 16, 17, 21, 32, 33, 34, 35, 38, 39, 41, 47, 49, 50, 54, 56, 63, 64, 65, 66, 67, 68, 71, 73, 78, 90, 108, 110, 111, 112, 113, 116, 118, 120, 121, 122, 123, 125, 128, 129, 135, 136, 137, 138, 145, 146, 150, 152, 154, 161, 164, 166, 167, 168, 170, 173, 178, 179, 180, 182, 184, 187, 189, 190, 192, 193, 196, 197, 199, 200, 201, 202, 203, 205, 206, 207, 208, 209, 210, 212, 215, 218, 219, 221, 224, 226, 228, 229, 230, 231, 232, 233, 241, 244]
[8, 10, 43, 45, 46, 62, 126, 130, 141, 157, 160, 174, 175, 188, 211, 216, 220, 227]
[0, 3, 4, 5, 6, 7, 9, 11, 12, 13, 14, 15, 16, 17, 21, 32, 33, 34, 35, 38, 39, 41, 47, 49, 50, 54, 56, 63, 64, 65, 66, 67, 68, 71, 73, 90, 108, 110, 111, 112, 113, 116, 118, 120, 121, 122, 123, 125, 128, 129, 131, 135, 136, 137, 138, 145, 146, 150, 152, 154, 161, 164, 166, 167, 168, 170, 173, 178, 179, 180, 182, 184, 187, 189, 190, 192, 193, 196, 197, 199, 200, 201, 202, 203, 205, 206, 207, 208, 209, 210, 212, 215, 218, 219, 221, 224, 226, 228, 229, 230, 231, 232, 233, 241, 244]
[0, 3, 4, 5, 6, 7, 9, 11, 12, 13, 14, 15, 16, 17, 21, 32, 33, 34, 35, 38, 39, 41, 47, 49, 50, 54, 56, 63, 64, 65, 66, 67, 68, 71, 73, 90, 108, 110, 111, 112, 113, 116, 118, 120, 121, 122, 123, 125, 128, 129, 131, 135, 136, 137, 138, 145, 146, 150, 152, 154, 161, 164, 166, 167, 168, 170, 173, 178, 179, 180, 182, 184, 187, 189, 190, 192, 193, 196, 197, 199, 200, 201, 202, 203, 205, 206, 207, 208, 209, 210, 212, 215, 218, 219, 221, 224, 226, 228, 229, 230, 231, 232, 233, 241, 244]
[114, 115]
[0, 3, 4, 5, 6, 7, 9, 11, 12, 13, 14, 15, 16, 17, 21, 32, 33, 34, 35, 38, 39, 41, 47, 49, 50, 54, 56, 63, 64, 65, 66, 67, 68, 71, 73, 90, 108, 110, 111, 112, 113, 116, 118, 120, 121, 122, 123, 125, 128, 129, 131, 135, 136, 137, 138, 145, 146, 150, 152, 154, 161, 164, 166, 167, 168, 170, 173, 178, 179, 180, 182, 184, 187, 189, 190, 192, 193, 196, 197, 199, 200, 201, 202, 203, 205, 206, 207, 208, 209, 210, 212, 215, 218, 219, 221, 224, 226, 228, 229, 230, 231, 232, 233, 241, 244]
[69, 81, 84, 91, 100, 158, 198, 236, 238, 239, 240, 254]
[0, 3, 4, 5, 6, 7, 9, 11, 12, 13, 14, 15, 16, 17, 21, 32, 33, 34, 35, 38, 39, 41, 47, 49, 50, 54, 56, 63, 64, 65, 66, 67, 68, 71, 73, 90, 108, 110, 111, 112, 113, 116, 118, 120, 121, 122, 123, 125, 128, 129, 131, 135, 136, 137, 138, 145, 146, 150, 152, 154, 161, 164, 166, 167, 168, 170, 173, 178, 179, 180, 182, 184, 187, 189, 190, 192, 193, 196, 197, 199, 200, 201, 202, 203, 205, 206, 207, 208, 209, 210, 212, 215, 218, 219, 221, 224, 226, 228, 229, 230, 231, 232, 233, 241, 244]
[18, 33, 55, 67, 68, 73, 76, 77, 78, 82, 88, 90, 108, 119, 136, 150, 173, 196, 203, 205, 209, 230, 232, 233, 241, 244]
[36, 48, 51, 52, 57, 58, 59, 60, 61, 214, 217]
[0, 3, 4, 5, 6, 7, 9, 11, 12, 13, 14, 15, 16, 17, 21, 32, 33, 34, 35, 38, 39, 41, 47, 49, 50, 54, 56, 63, 64, 65, 66, 67, 68, 71, 73, 90, 108, 110, 111, 112, 113, 116, 118, 120, 121, 122, 123, 125, 128, 129, 131, 135, 136, 137, 138, 145, 146, 150, 152, 154, 161, 164, 166, 167, 168, 170, 173, 178, 179, 180, 182, 184, 187, 189, 190, 192, 193, 196, 197, 199, 200, 201, 202, 203, 205, 206, 207, 208, 209, 210, 212, 215, 218, 219, 221, 224, 226, 228, 229, 230, 231, 232, 233, 241, 244]
[235, 245, 255, 256]
[0, 3, 4, 5, 6, 7, 9, 11, 12, 13, 14, 15, 16, 17, 21, 32, 33, 34, 35, 38, 39, 41, 47, 49, 50, 54, 56, 63, 64, 65, 66, 67, 68, 71, 73, 90, 108, 110, 111, 112, 113, 116, 118, 120, 121, 122, 123, 125, 128, 129, 131, 135, 136, 137, 138, 145, 146, 150, 152, 154, 161, 164, 166, 167, 168, 170, 173, 178, 179, 180, 182, 184, 187, 189, 190, 192, 193, 196, 197, 199, 200, 201, 202, 203, 205, 206, 207, 208, 209, 210, 212, 215, 218, 219, 221, 224, 226, 228, 229, 230, 231, 232, 233, 241, 244]
[0, 3, 4, 5, 6, 7, 9, 11, 12, 13, 14, 15, 16, 17, 21, 32, 33, 34, 35, 41, 47, 49, 56, 63, 64, 65, 66, 67, 68, 71, 73, 78, 90, 108, 110, 111, 112, 113, 116, 118, 120, 121, 122, 123, 129, 136, 137, 138, 145, 146, 150, 152, 154, 161, 166, 168, 170, 173, 178, 179, 182, 184, 187, 189, 190, 193, 196, 200, 201, 202, 203, 205, 206, 207, 208, 209, 219, 228, 229, 230, 231, 232, 233, 241, 244]
[0, 3, 4, 5, 6, 7, 9, 11, 12, 13, 14, 15, 16, 17, 21, 32, 33, 34, 35, 38, 39, 41, 47, 49, 50, 54, 56, 63, 64, 65, 66, 67, 68, 71, 73, 90, 108, 110, 111, 112, 113, 116, 118, 120, 121, 122, 123, 125, 128, 129, 131, 135, 136, 137, 138, 145, 146, 150, 152, 154, 161, 164, 166, 167, 168, 170, 173, 178, 179, 180, 182, 184, 187, 189, 190, 192, 193, 196, 197, 199, 200, 201, 202, 203, 205, 206, 207, 208, 209, 210, 212, 215, 218, 219, 221, 224, 226, 228, 229, 230, 231, 232, 233, 241, 244]
[0, 3, 4, 5, 6, 7, 9, 11, 12, 13, 14, 15, 16, 17, 21, 32, 33, 34, 35, 38, 39, 41, 47, 49, 50, 54, 56, 63, 64, 65, 66, 67, 68, 71, 73, 90, 108, 110, 111, 112, 113, 116, 118, 120, 121, 122, 123, 125, 128, 129, 131, 135, 136, 137, 138, 145, 146, 150, 152, 154, 161, 164, 166, 167, 168, 170, 173, 178, 179, 180, 182, 184, 187, 189, 190, 192, 193, 196, 197, 199, 200, 201, 202, 203, 205, 206, 207, 208, 209, 210, 212, 215, 218, 219, 221, 224, 226, 228, 229, 230, 231, 232, 233, 241, 244]
[109, 155, 181, 185]
SECOND ROUND--CLUSTERS AFTER RF
t:  83
No handles with labels found to put in legend.
[33, 67, 68, 73, 76, 82, 88, 90, 108, 119, 150, 173, 196, 203, 209, 230, 232, 233, 241, 244]
[36, 48, 51, 52, 57, 58, 59, 60, 61, 214, 217]
[33, 67, 68, 73, 76, 82, 88, 90, 108, 119, 150, 173, 196, 203, 209, 230, 232, 233, 241, 244]
[23, 27, 33, 55, 68, 73, 76, 77, 78, 82, 85, 86, 88, 90, 93, 95, 101, 105, 108, 117, 119, 124, 132, 147, 150, 151, 165, 173, 176, 195, 196, 203, 209, 213, 225, 230, 233, 234, 235, 241, 242, 244, 245, 247, 249, 255, 256, 257]
[33, 67, 68, 73, 76, 82, 88, 90, 108, 119, 150, 173, 196, 203, 209, 230, 232, 233, 241, 244]
[3, 4, 6, 11, 13, 14, 16, 17, 21, 32, 34, 56, 63, 64, 67, 68, 71, 90, 108, 110, 111, 113, 114, 116, 118, 120, 121, 122, 123, 136, 152, 154, 155, 166, 168, 173, 178, 179, 182, 187, 189, 190, 193, 196, 200, 202, 203, 205, 206, 209, 219, 228, 229, 230, 231, 232, 233, 241]
[1, 2, 18, 19, 20, 22, 23, 25, 27, 28, 29, 30, 31, 33, 40, 53, 55, 68, 69, 70, 72, 73, 75, 76, 77, 78, 79, 80, 82, 83, 85, 86, 87, 88, 89, 90, 91, 93, 94, 95, 96, 98, 99, 101, 104, 105, 106, 107, 108, 117, 119, 124, 132, 139, 142, 144, 147, 150, 151, 153, 162, 165, 171, 173, 176, 177, 195, 203, 204, 209, 213, 225, 230, 233, 234, 235, 237, 241, 242, 243, 244, 245, 246, 247, 248, 249, 250, 251, 252, 253, 255, 256, 257, 258, 259, 260, 261, 262, 264, 265, 266]
[33, 67, 68, 73, 76, 82, 88, 90, 108, 119, 150, 173, 196, 203, 209, 230, 232, 233, 241, 244]
[10, 42, 43, 45, 46, 62, 126, 127, 130, 135, 137, 141, 157, 160, 163, 169, 174, 175, 183, 188, 191, 211, 216, 227]
[33, 67, 68, 73, 76, 82, 88, 90, 108, 119, 150, 151, 173, 196, 203, 209, 230, 233, 241, 244]
[74, 97, 102]
[67, 68, 90, 108, 136, 173, 196, 203, 205, 209, 230, 232, 233, 241]
[184, 210, 226]
[67, 68, 90, 108, 136, 173, 196, 203, 205, 209, 230, 232, 233, 241]
[33, 67, 68, 73, 88, 90, 108, 119, 136, 150, 173, 196, 203, 209, 230, 232, 233, 241, 244]
[1, 2, 18, 19, 20, 22, 23, 24, 25, 26, 27, 28, 29, 30, 31, 33, 40, 53, 55, 68, 69, 70, 72, 73, 75, 76, 77, 78, 79, 80, 81, 82, 83, 84, 85, 86, 87, 88, 89, 90, 91, 92, 93, 94, 95, 96, 98, 99, 100, 101, 103, 104, 105, 106, 107, 108, 117, 119, 124, 132, 133, 134, 139, 140, 142, 144, 147, 150, 151, 153, 156, 158, 162, 165, 171, 172, 173, 176, 177, 186, 194, 195, 198, 203, 204, 209, 213, 222, 223, 225, 230, 233, 234, 235, 236, 237, 238, 239, 240, 241, 242, 243, 244, 245, 246, 247, 248, 249, 250, 251, 252, 253, 254, 255, 256, 257, 258, 259, 260, 261, 262, 263, 264, 265, 266]
[33, 67, 68, 73, 76, 82, 88, 90, 108, 119, 150, 151, 173, 196, 203, 209, 230, 232, 233, 241, 244]
[33, 67, 68, 73, 76, 82, 88, 90, 108, 119, 150, 173, 196, 203, 209, 230, 232, 233, 241, 244]
[33, 67, 68, 73, 76, 82, 88, 90, 108, 119, 150, 151, 173, 196, 203, 209, 230, 232, 233, 241, 244]
[33, 67, 68, 73, 90, 108, 119, 136, 150, 173, 196, 203, 205, 209, 230, 232, 233, 241]
[37, 44, 148, 149, 159, 185]
[13, 14, 17, 21, 67, 68, 90, 108, 118, 120, 136, 152, 154, 168, 173, 179, 187, 190, 196, 202, 203, 205, 209, 228, 229, 230, 232, 233, 241]
[33, 67, 68, 73, 76, 78, 82, 85, 88, 90, 108, 119, 150, 151, 173, 176, 196, 203, 209, 230, 233, 241, 244, 256]
[11, 13, 14, 17, 21, 56, 67, 68, 90, 108, 116, 118, 120, 136, 152, 154, 168, 173, 179, 187, 190, 193, 196, 202, 203, 205, 209, 228, 229, 230, 232, 233, 241]
[67, 68, 90, 108, 118, 120, 136, 154, 173, 196, 203, 205, 209, 230, 232, 233, 241]
[33, 67, 68, 73, 76, 78, 82, 85, 88, 90, 108, 119, 150, 151, 173, 176, 196, 203, 209, 213, 230, 233, 241, 244, 247, 256]
[4, 11, 13, 14, 17, 21, 56, 67, 68, 90, 108, 116, 118, 120, 136, 152, 154, 168, 173, 179, 187, 190, 193, 196, 202, 203, 205, 209, 228, 229, 230, 232, 233, 241]
[33, 67, 68, 73, 76, 78, 82, 85, 88, 90, 108, 119, 150, 151, 173, 196, 203, 209, 230, 233, 241, 244, 256]
[67, 68, 90, 108, 136, 173, 196, 203, 205, 209, 230, 232, 233, 241]
[0, 3, 4, 5, 6, 7, 8, 9, 11, 12, 13, 14, 15, 16, 17, 21, 32, 34, 35, 38, 39, 41, 47, 49, 50, 54, 56, 63, 64, 65, 66, 67, 68, 71, 90, 108, 109, 110, 111, 112, 113, 114, 115, 116, 118, 120, 121, 122, 123, 125, 128, 129, 131, 136, 138, 143, 145, 146, 152, 154, 155, 161, 164, 166, 167, 168, 170, 173, 178, 179, 180, 181, 182, 187, 189, 190, 192, 193, 196, 197, 199, 200, 201, 202, 203, 205, 206, 207, 208, 212, 215, 216, 218, 219, 220, 221, 224, 228, 229, 231, 232, 233]
[67, 68, 90, 108, 118, 120, 136, 173, 196, 203, 205, 209, 230, 232, 233, 241]
[67, 68, 90, 108, 118, 120, 136, 154, 173, 196, 203, 205, 209, 230, 232, 233, 241]
[27, 33, 55, 67, 68, 73, 76, 78, 82, 85, 88, 90, 95, 108, 119, 132, 147, 150, 151, 165, 173, 176, 195, 196, 203, 209, 213, 230, 233, 241, 244, 245, 247, 256]

Process finished with exit code 0
